241.66666666666666 500.0 60
836.6666666666666 1000.0 62
1447.5 1500.0 64
2105.8333333333335 2000.0 65
3128.3333333333335 2750.0 67
3269.166666666667 2875.0 65
3404.166666666667 3000.0 64
4030.833333333334 3500.0 69
4665.833333333334 4000.0 62
5330.0 4500.0 67
6390.833333333334 5250.0 69
6675.000000000001 5500.0 67
6956.666666666667 5750.0 65
7239.166666666667 6000.0 64
7510.833333333334 6250.0 65
7780.833333333334 6500.0 67
7810.833333333334 6500.0 64
8110.000000000001 6750.0 62
// GAP: GAP - 7000.0 60
8366.666666666668 7000.0 69
8395.000000000002 7500.0 60
8656.666666666668 7250.0 62
8931.666666666666 7500.0 71
// GAP: 8945.833333333334 60 - GAP
9232.5 7750.0 59
9545.0 8000.0 72
9575.000000000002 8000.0 57
10168.333333333334 8500.0 66
10480.833333333334 8750.0 74
10628.333333333334 8875.0 72
10776.666666666668 9000.0 71
10790.833333333334 9000.0 67
11369.166666666666 9500.0 76
11992.500000000002 10000.0 69
12605.833333333334 10500.0 74
12635.000000000002 10500.0 66
12923.333333333334 10750.0 64
13244.166666666666 11000.0 66
13525.0 11250.0 76
13836.666666666668 11500.0 62
13839.166666666668 11500.0 74
14125.833333333334 11750.0 72
14453.333333333336 12000.0 71
14471.666666666668 12000.0 67
14756.666666666668 12250.0 67
15069.166666666668 12500.0 55
15090.000000000002 12500.0 69
15103.333333333334 12500.0 65
15369.166666666668 12750.0 71
15675.0 13000.0 57
15679.166666666668 13000.0 72
15710.0 13000.0 64
15970.833333333336 13250.0 71
16284.166666666668 13500.0 72
16288.333333333334 13500.0 59
16311.666666666668 13500.0 62
16584.166666666668 13750.0 74
// GAP: GAP - 14000.0 60
16895.0 14000.0 60
16899.166666666664 14000.0 76
17200.000000000004 14250.0 74
17490.000000000004 14500.0 76
17758.333333333332 14750.0 78
17775.000000000004 14750.0 62
17908.333333333336 14875.0 60
18063.333333333336 15000.0 79
18068.333333333336 15000.0 59
18679.166666666668 15500.0 71
18689.166666666668 15500.0 64
18705.000000000004 15500.0 67
19300.0 16000.0 72
19311.666666666668 16000.0 57
19922.500000000004 16500.0 62
// GAP: GAP - 16500.0 65
19925.0 16500.0 69
// GAP: GAP - 16750.0 64
19935.833333333336 17000.0 65
20260.833333333336 17250.0 64
20534.166666666668 17000.0 74
// GAP: 20545.833333333336 65 - GAP
20837.500000000004 17250.0 72
// GAP: 20844.166666666668 64 - GAP
21120.0 17500.0 71
21160.833333333336 17500.0 62
21420.0 17750.0 69
21431.666666666668 17750.0 60
21751.666666666668 18000.0 59
21751.666666666668 18000.0 67
22087.500000000004 18250.0 65
22390.833333333332 18500.0 48
22395.000000000004 18500.0 60
22420.0 18500.0 64
22706.666666666668 18750.0 67
23027.5 19000.0 50
23038.333333333336 19000.0 65
23069.166666666668 19000.0 62
23348.333333333336 19250.0 64
23655.833333333332 19500.0 58
23656.66666666667 19500.0 52
23670.0 19500.0 65
23980.0 19750.0 67
24293.333333333336 20000.0 53
24295.0 20000.0 57
24295.833333333336 20000.0 69
24337.500000000004 20000.0 60
24605.833333333336 20250.0 67
24900.000000000004 20500.0 69
24918.333333333336 20500.0 65
24922.500000000004 20500.0 62
25198.333333333336 20750.0 55
25207.500000000004 20750.0 71
25336.666666666668 20875.0 53
25496.66666666667 21000.0 52
25496.66666666667 21000.0 55
25503.333333333332 21000.0 72
25814.166666666668 21250.0 67
26126.666666666668 21500.0 57
26135.833333333336 21500.0 60
26137.500000000004 21500.0 65
26455.000000000004 21750.0 64
26742.500000000004 22000.0 50
26750.833333333336 22000.0 65
27066.66666666667 22250.0 57
27350.833333333336 22500.0 62
27353.333333333336 22500.0 59
27360.000000000004 22500.0 55
27651.666666666668 22750.0 60
27935.833333333336 23000.0 71
27953.333333333336 23000.0 62
27953.333333333336 23000.0 67
// GAP: 28048.333333333336 67 - GAP
28263.333333333336 23250.0 57
28555.000000000004 23500.0 55
28836.666666666668 23750.0 53
29146.666666666668 24000.0 52
29147.5 24000.0 55
29453.333333333336 24250.0 53
29750.833333333336 24500.0 72
29770.000000000004 24500.0 52
30052.500000000004 24750.0 50
// GAP: GAP - 25000.0 48
30348.333333333336 25000.0 74
30358.333333333336 25500.0 48
30642.500000000004 25250.0 50
30943.333333333336 25500.0 76
30948.333333333336 25500.0 55
// GAP: 30952.5 48 - GAP
31260.0 25750.0 47
// GAP: GAP - 26000.0 57
31556.666666666668 26000.0 77
31559.16666666667 27000.0 57
31568.333333333336 26000.0 45
32170.833333333336 26500.0 59
32193.333333333336 26500.0 50
32482.5 26750.0 79
32624.166666666668 26875.0 77
32788.333333333336 27000.0 76
32798.33333333333 27000.0 60
// GAP: 32810.833333333336 57 - GAP
33423.33333333333 27500.0 54
33423.33333333333 27500.0 81
33716.66666666667 27750.0 62
33848.333333333336 27875.0 60
34022.5 28000.0 59
34025.00000000001 28000.0 74
34036.66666666667 28000.0 55
34336.666666666664 28250.0 57
34624.166666666664 28500.0 64
34625.833333333336 28500.0 79
34640.0 28500.0 58
34948.333333333336 28750.0 55
35248.333333333336 29000.0 57
35254.16666666667 29000.0 49
35572.50000000001 29250.0 81
35881.666666666664 29500.0 62
35888.333333333336 29500.0 79
35892.50000000001 29500.0 50
36200.833333333336 29750.0 77
36530.833333333336 30000.0 76
36531.666666666664 30000.0 57
36834.16666666667 30250.0 64
37145.0 30500.0 81
37158.333333333336 30500.0 62
37459.16666666667 30750.0 60
37814.16666666667 31000.0 52
37823.333333333336 31000.0 59
38193.333333333336 31250.0 83
38552.5 31500.0 64
38554.166666666664 31500.0 81
38897.5 31750.0 79
39230.00000000001 32000.0 77
39260.00000000001 32000.0 57
39534.16666666667 32250.0 59
// GAP: GAP - 32500.0 60
39831.66666666667 32500.0 67
39857.5 33000.0 60
40152.5 33000.0 62
40434.16666666667 33000.0 69
40439.16666666667 32750.0 62
// GAP: 40455.00000000001 60 - GAP
40732.5 33250.0 59
41035.833333333336 33500.0 71
41057.50000000001 33500.0 57
41332.5 33750.0 55
// GAP: GAP - 34000.0 60
41649.166666666664 34000.0 76
41651.66666666667 34000.0 72
41684.16666666667 34000.0 60
41995.00000000001 34250.0 59
42286.66666666667 34500.0 60
42570.833333333336 34750.0 78
42573.333333333336 34750.0 74
42587.50000000001 34750.0 57
42707.5 34875.0 72
42875.833333333336 35000.0 71
42878.333333333336 35000.0 79
42890.833333333336 35000.0 64
43194.166666666664 35250.0 62
// GAP: GAP - 35500.0 60
43485.0 35500.0 76
// GAP: GAP - 35750.0 59
43515.833333333336 36000.0 60
43770.0 36500.0 59
44077.5 36000.0 69
// GAP: 44103.333333333336 60 - GAP
44388.333333333336 36250.0 57
44677.5 36500.0 74
// GAP: 44686.666666666664 59 - GAP
44977.50000000001 36750.0 60
45309.16666666667 37000.0 78
45318.333333333336 37000.0 62
45638.333333333336 37250.0 76
45646.66666666667 37250.0 60
45926.66666666667 37500.0 74
45938.33333333334 37500.0 59
46232.5 37750.0 72
46235.833333333336 37750.0 57
46620.00000000001 38000.0 79
46629.16666666667 38000.0 55
46633.333333333336 38000.0 71
47024.16666666667 38250.0 77
47397.5 38500.0 43
47401.66666666667 38500.0 76
47727.50000000001 38750.0 74
48048.333333333336 39000.0 72
48050.00000000001 39000.0 45
48360.833333333336 39250.0 74
48647.5 39500.0 62
48655.833333333336 39500.0 72
48659.16666666667 39500.0 47
48974.16666666667 39750.0 71
49297.50000000001 40000.0 64
49300.00000000001 40000.0 69
49309.16666666667 40000.0 48
49631.666666666664 40250.0 72
49915.00000000001 40500.0 66
49917.50000000001 40500.0 71
50218.333333333336 40750.0 69
50225.833333333336 40750.0 50
50371.66666666667 40875.0 48
// GAP: GAP - 41000.0 67
50515.0 41000.0 67
50531.66666666667 41000.0 47
51156.66666666667 41500.0 52
51471.66666666667 41750.0 69
51610.00000000001 41875.0 67
51760.00000000001 42000.0 66
51767.50000000001 42000.0 45
52087.50000000001 42250.0 72
// GAP: GAP - 42500.0 71
52399.16666666667 42500.0 71
52405.833333333336 42500.0 50
52714.16666666667 42750.0 69
53025.00000000001 43000.0 68
53030.833333333336 43000.0 64
53325.0 43250.0 52
53614.16666666667 43500.0 76
53615.0 43500.0 69
53631.666666666664 43500.0 50
53935.833333333336 43750.0 48
54260.00000000001 44000.0 74
54274.16666666667 44000.0 47
54564.16666666667 44250.0 71
// GAP: GAP - 44500.0 52
54902.5 44500.0 72
54922.50000000001 44500.0 52
54922.50000000001 44500.0 69
55230.833333333336 44750.0 71
55242.50000000001 44750.0 68
55543.333333333336 45000.0 54
55548.333333333336 45000.0 66
55551.66666666667 45000.0 69
55843.333333333336 45250.0 68
56165.833333333336 45500.0 69
56167.50000000001 45500.0 56
56172.50000000001 45500.0 65
56176.66666666667 45500.0 50
56492.50000000001 45750.0 71
56797.50000000001 46000.0 72
56806.66666666667 46000.0 57
56818.333333333336 46000.0 64
56820.83333333334 46000.0 48
57144.16666666667 46250.0 66
57408.333333333336 46500.0 68
57411.66666666667 46500.0 53
57435.833333333336 46500.0 62
57703.33333333334 46750.0 59
57706.66666666667 46750.0 69
57828.33333333334 46875.0 57
57987.50000000001 47000.0 71
58001.66666666667 47000.0 56
58292.50000000001 47250.0 64
58608.333333333336 47500.0 69
58623.333333333336 47500.0 60
58629.16666666667 47500.0 52
58629.16666666667 47500.0 66
58927.5 47750.0 71
58940.833333333336 47750.0 68
59242.50000000001 48000.0 54
59244.16666666667 48000.0 72
59262.5 48000.0 69
59569.166666666664 48250.0 68
59887.5 48500.0 77
59890.83333333334 48500.0 59
59899.16666666667 48500.0 50
59932.50000000001 48500.0 69
60218.333333333336 48750.0 71
// GAP: GAP - 49000.0 68
60512.5 49000.0 76
60527.5 49500.0 68
60806.66666666667 49250.0 60
60814.16666666667 49250.0 66
61117.50000000001 49500.0 59
61117.50000000001 49500.0 74
61124.166666666664 49500.0 52
// GAP: 61138.333333333336 68 - GAP
61408.333333333336 49750.0 69
61418.333333333336 49750.0 57
61746.66666666667 50000.0 71
// GAP: GAP - 50000.0 74
61753.333333333336 50000.0 56
61771.66666666667 50000.0 53
// GAP: 62402.5 72 - GAP
62413.333333333336 50500.0 57
62430.00000000001 50500.0 52
62741.66666666667 50750.0 71
62748.333333333336 50750.0 50
63137.5 50500.0 72
63144.16666666667 51000.0 52
// GAP: GAP - 51000.0 71
63370.00000000001 51000.0 71
63468.33333333334 51122.91666666667 72
63560.833333333336 51250.0 71
63646.66666666667 51125.0 72
63733.333333333336 51247.91666666667 71
// GAP: 63804.16666666667 72 - GAP
63885.833333333336 51500.0 56
// GAP: 63885.833333333336 71 - GAP
64275.00000000001 51750.0 69
64774.16666666667 52000.0 69
64775.00000000001 52000.0 57
64779.16666666667 52000.0 45
65741.66666666667 52500.0 60
66415.83333333334 53000.0 62
67073.33333333334 53500.0 55
67081.66666666667 53500.0 64
67733.33333333333 54000.0 57
67735.0 54000.0 65
68379.16666666667 54500.0 59
68718.33333333333 54750.0 67
68845.83333333333 54875.0 65
69019.16666666667 55000.0 64
69027.5 55000.0 60
69654.16666666667 55500.0 69
69960.00000000001 55750.0 62
70096.66666666667 55875.0 60
70256.66666666667 56000.0 59
70267.5 56000.0 62
70943.33333333334 56500.0 67
70944.16666666667 56500.0 43
70947.5 56500.0 64
71586.66666666667 57000.0 57
71590.0 57000.0 45
71904.16666666667 57250.0 69
72216.66666666667 57500.0 67
72220.83333333333 57500.0 62
72221.66666666667 57500.0 47
72517.5 57750.0 65
72871.66666666667 58000.0 48
72885.83333333334 58000.0 64
73519.16666666667 58500.0 67
73526.66666666667 58500.0 55
73531.66666666667 58500.0 64
73837.5 58750.0 50
73968.33333333333 58875.0 48
74110.83333333333 59000.0 69
74124.16666666667 59000.0 47
74126.66666666667 59000.0 66
74128.33333333334 59000.0 62
74725.83333333334 59500.0 71
74732.5 59500.0 52
74751.66666666667 59500.0 67
75390.0 60000.0 45
75392.5 60000.0 72
75406.66666666667 60000.0 60
76059.16666666667 60500.0 50
76059.16666666667 60500.0 66
76068.33333333334 60500.0 57
76357.5 60750.0 74
76492.5 60875.0 72
76614.16666666667 61000.0 68
76623.33333333333 61000.0 71
76630.83333333334 61000.0 64
76910.83333333334 61250.0 52
// GAP: GAP - 61500.0 69
77212.5 61500.0 72
// GAP: GAP - 63000.0 45
77220.83333333333 62000.0 69
77228.33333333334 61500.0 50
77513.33333333333 61750.0 48
77835.00000000001 62000.0 74
77841.66666666667 62000.0 62
77852.5 62000.0 47
78500.83333333333 62500.0 76
78501.66666666667 62500.0 67
78522.50000000001 62500.0 46
// GAP: GAP - 63000.0 69
79142.5 63000.0 77
// GAP: 79144.16666666667 69 - GAP
79161.66666666667 64000.0 45
79783.33333333333 63500.0 71
// GAP: 79805.0 43 - GAP
80116.66666666667 63750.0 79
80254.16666666667 63875.0 77
// GAP: GAP - 63500.0 43
80410.83333333334 64000.0 76
80418.33333333334 64000.0 72
// GAP: 80436.66666666667 45 - GAP
81043.33333333334 64500.0 81
81048.33333333333 64500.0 57
81064.16666666667 64500.0 54
81375.83333333333 64750.0 74
81496.66666666667 64875.0 72
81670.0 65000.0 74
81675.00000000001 65000.0 59
81675.00000000001 65000.0 71
81689.16666666667 65000.0 55
82366.66666666667 65500.0 79
82367.5 65500.0 61
82385.83333333334 65500.0 52
82387.5 65500.0 76
83202.5 66000.0 62
83211.66666666667 66000.0 50
83211.66666666667 66000.0 69
83680.0 66250.0 81
84051.66666666667 66500.0 79
84055.0 66500.0 74
84346.66666666667 66750.0 77
84352.5 66750.0 64
84485.0 66875.0 62
84649.16666666667 67000.0 76
84651.66666666667 67000.0 60
84655.83333333333 67000.0 52
84961.66666666667 67250.0 76
85286.66666666667 67500.0 81
85292.5 67500.0 65
85295.0 67500.0 53
85297.5 67500.0 74
85598.33333333334 67750.0 72
85934.16666666667 68000.0 74
85936.66666666667 68000.0 71
85940.83333333334 68000.0 55
85940.83333333334 68000.0 59
86630.83333333334 68500.0 82
86645.00000000001 68500.0 79
86650.0 68500.0 64
87022.50000000001 68750.0 57
87147.50000000001 68875.0 55
87297.5 69000.0 81
87304.16666666667 69000.0 53
87306.66666666667 69000.0 73
87625.83333333333 69250.0 65
87922.5 69500.0 58
87922.5 69500.0 79
87926.66666666667 69500.0 64
87944.16666666667 69500.0 74
88240.00000000001 69750.0 62
88240.00000000001 69750.0 77
88530.83333333333 70000.0 52
88536.66666666667 70000.0 79
88538.33333333334 70000.0 61
88547.5 70000.0 76
88845.83333333334 70250.0 77
89156.66666666667 70500.0 79
89160.83333333334 70500.0 57
89168.33333333334 70500.0 73
89485.83333333333 70750.0 76
89756.66666666667 71000.0 77
89776.66666666667 71000.0 74
90047.5 71250.0 79
90072.5 71250.0 58
90345.83333333334 71500.0 57
90366.66666666667 71581.25 81
90427.50000000001 71500.0 76
// GAP: GAP - 71500.0 79
90474.16666666667 71500.0 79
90548.33333333334 71625.0 81
// GAP: GAP - 71664.58333333333 79
90637.5 71687.5 79
90665.0 71750.0 55
90730.83333333334 71750.0 77
90827.5 71875.0 79
// GAP: GAP - 72000.0 53
90955.00000000001 72000.0 81
90968.33333333333 72000.0 69
90983.33333333333 72500.0 53
91258.33333333334 72250.0 73
91262.5 72250.0 52
91600.83333333334 72500.0 57
91603.33333333334 72500.0 74
// GAP: 91623.33333333333 53 - GAP
91925.00000000001 72750.0 50
91936.66666666667 72750.0 79
// GAP: 92288.33333333334 77 - GAP
92297.5 73000.0 59
92304.16666666667 73000.0 55
92575.0 73000.0 76
92700.0 73122.91666666667 77
92793.33333333334 73000.0 76
92876.66666666669 73125.0 77
92950.83333333333 73247.91666666667 76
// GAP: 93017.50000000001 77 - GAP
93091.66666666667 73250.0 76
93094.16666666667 73500.0 64
93099.16666666667 73500.0 57
93107.5 73500.0 61
93566.66666666667 73750.0 74
94135.83333333334 74000.0 66
94137.5 74000.0 74
94140.83333333333 74000.0 62
94144.16666666667 74000.0 50
94978.33333333334 74500.0 67
95318.33333333334 74750.0 64
95427.50000000001 74875.0 62
95586.66666666667 75000.0 60
95587.5 75000.0 69
96244.16666666667 75500.0 66
96557.5 75750.0 71
96679.16666666667 75875.0 69
96820.83333333334 76000.0 67
96822.5 76000.0 59
97146.66666666667 76250.0 52
97430.0 76500.0 72
97431.66666666667 76500.0 64
97435.83333333333 76500.0 50
97728.33333333334 76750.0 48
98026.66666666667 77000.0 66
98056.66666666667 77000.0 47
98349.16666666667 77250.0 45
98406.66666666667 77250.0 66
98635.83333333334 77500.0 64
98640.0 77500.0 71
98665.83333333334 77500.0 43
98931.66666666667 77750.0 62
98934.16666666667 77750.0 42
99255.83333333334 78000.0 40
99258.33333333334 78000.0 60
99548.33333333334 78250.0 72
99874.16666666667 78500.0 52
99881.66666666667 78500.0 71
100195.83333333334 78750.0 69
100510.83333333334 79000.0 67
// GAP: 100513.33333333333 60 - GAP
100517.50000000001 79000.0 54
100825.83333333333 79250.0 66
101159.16666666667 79500.0 67
101167.5 79500.0 55
101193.33333333334 79500.0 64
101494.16666666667 79750.0 62
// GAP: GAP - 80000.0 60
101763.33333333333 80000.0 69
101792.5 80000.0 64
102056.66666666667 80250.0 62
102360.00000000001 80500.0 71
102364.16666666667 80500.0 60
102371.66666666667 80500.0 57
102654.16666666667 80750.0 55
102654.16666666667 80750.0 59
102965.0 81000.0 72
102980.83333333334 81000.0 54
// GAP: GAP - 81250.0 55
102985.83333333334 81000.0 62
102989.16666666667 81000.0 57
// GAP: 103263.33333333333 52 - GAP
103550.00000000001 81500.0 50
103554.16666666667 81500.0 57
103849.16666666667 81750.0 74
103865.00000000001 81750.0 54
104003.33333333334 81875.0 72
// GAP: GAP - 82000.0 55
104159.16666666667 82000.0 71
104170.83333333333 82000.0 55
104460.00000000001 82250.0 69
104765.0 82500.0 59
104770.00000000001 82500.0 76
104781.66666666667 82500.0 67
105075.0 82750.0 65
105370.0 83000.0 69
105374.16666666667 83000.0 60
105374.16666666667 83000.0 64
105675.00000000001 83250.0 67
105980.0 83500.0 74
106004.16666666667 83500.0 62
106015.0 83500.0 65
106301.66666666667 83750.0 69
106625.83333333334 84000.0 64
106637.5 84000.0 67
106974.16666666667 84250.0 76
107283.33333333334 84500.0 74
107543.33333333334 84750.0 65
107550.00000000001 84750.0 72
107684.16666666667 84875.0 64
107837.5 85000.0 62
107839.16666666667 85000.0 71
108155.83333333333 85250.0 72
108168.33333333334 85250.0 69
108475.83333333334 85500.0 67
108483.33333333333 85500.0 74
108487.50000000001 85500.0 70
108786.66666666667 85750.0 76
109112.50000000001 86000.0 60
109120.0 86000.0 77
109123.33333333333 86000.0 57
109126.66666666669 86000.0 72
109434.16666666667 86250.0 79
109767.50000000001 86500.0 65
109771.66666666667 86500.0 81
110105.0 86750.0 79
110418.33333333334 87000.0 59
110420.83333333333 87000.0 77
110438.33333333334 87000.0 74
110753.33333333334 87250.0 67
110753.33333333334 87250.0 76
111061.66666666667 87500.0 60
111063.33333333334 87500.0 65
// GAP: GAP - 87500.0 67
111063.33333333334 87500.0 74
111349.16666666667 87750.0 64
111355.0 87750.0 72
111672.50000000001 88000.0 53
111679.16666666667 88000.0 67
111686.66666666667 88000.0 71
111694.16666666667 88000.0 62
// GAP: 111906.66666666669 72 - GAP
112000.83333333334 88250.0 57
// GAP: 112051.66666666667 71 - GAP
// GAP: 112140.83333333334 72 - GAP
// GAP: 112244.16666666667 71 - GAP
112293.33333333334 88500.0 55
// GAP: 112325.0 72 - GAP
// GAP: 112447.5 71 - GAP
// GAP: 112543.33333333334 72 - GAP
112585.00000000001 88750.0 53
// GAP: 112712.5 71 - GAP
112896.66666666667 89000.0 52
112902.5 89000.0 72
112920.83333333333 89000.0 64
113270.00000000001 89250.0 50
// GAP: GAP - 89500.0 48
113575.83333333333 89500.0 65
113581.66666666667 89500.0 74
113587.5 89500.0 62
113596.66666666667 90000.0 48
// GAP: GAP - 90000.0 65
113904.16666666667 89750.0 47
114230.83333333334 90000.0 67
// GAP: 114251.66666666669 48 - GAP
114561.66666666667 90250.0 50
// GAP: GAP - 90500.0 55
114911.66666666667 90500.0 64
114911.66666666667 90500.0 72
114932.5 90500.0 52
114935.83333333333 91000.0 55
115290.83333333334 90750.0 53
115745.0 91000.0 55
115754.16666666667 91000.0 62
116620.0 91500.0 43
116624.16666666667 91500.0 71
// GAP: GAP - 92000.0 48
117564.16666666669 92000.0 72
117575.83333333333 92500.0 48
117575.83333333333 92000.0 64
118629.16666666667 92500.0 69
// GAP: 118630.83333333334 48 - GAP
119355.0 93000.0 50
119371.66666666667 93000.0 71
120045.83333333333 93500.0 52
120061.66666666667 93500.0 70
120068.33333333334 93500.0 67
120745.0 94000.0 53
120760.0 94000.0 69
121470.83333333334 94500.0 65
121477.5 94500.0 74
121798.33333333334 94750.0 55
121957.50000000001 94875.0 53
122110.00000000001 95000.0 67
122135.83333333334 95000.0 52
122758.33333333334 95500.0 69
122763.33333333333 95500.0 72
122779.16666666667 95500.0 57
123464.16666666667 96000.0 74
123466.66666666667 96000.0 70
123477.5 96000.0 50
124167.5 96500.0 55
124170.83333333333 96500.0 76
124498.33333333333 96750.0 72
124644.16666666667 96875.0 70
124795.0 97000.0 77
124801.66666666667 97000.0 69
125112.50000000001 97250.0 57
125411.66666666667 97500.0 74
125431.66666666667 97500.0 55
125735.00000000001 97750.0 53
// GAP: GAP - 98000.0 52
126040.0 98000.0 67
126059.16666666667 98500.0 52
126367.5 98250.0 81
126387.5 98250.0 50
126711.66666666667 98500.0 79
126715.0 98500.0 72
// GAP: 126724.16666666667 52 - GAP
127064.16666666669 98750.0 77
127077.50000000001 98750.0 53
127420.0 99000.0 76
127420.83333333334 99000.0 55
127749.16666666669 99250.0 74
127749.16666666669 99250.0 77
127771.66666666667 99250.0 57
128094.16666666667 99500.0 76
128105.00000000001 99500.0 58
128110.83333333334 99500.0 72
128456.66666666667 99750.0 55
128456.66666666667 99750.0 74
128464.16666666667 99750.0 70
128881.66666666669 100000.0 72
// GAP: 128888.33333333334 48 - GAP
128890.83333333334 100000.0 57
128895.00000000001 100000.0 69
129362.50000000001 100250.0 70
129369.16666666667 100250.0 52
129758.33333333336 100500.0 69
129760.83333333336 100500.0 53
130124.16666666667 100750.0 67
130129.16666666666 100750.0 55
130457.50000000001 101000.0 65
130462.5 101000.0 57
130825.00000000001 101250.0 59
130830.00000000001 101250.0 67
131221.66666666666 101500.0 60
131225.83333333334 101500.0 65
131656.66666666666 101750.0 57
131677.5 101750.0 64
132228.33333333334 102000.0 62
132230.83333333334 102000.0 59
132857.50000000003 102250.0 67
133077.50000000003 102375.0 69
133275.0 102500.0 71
133658.33333333334 102750.0 72
134038.33333333334 103000.0 74
134415.00000000003 103250.0 76
134813.33333333334 103500.0 77
135249.16666666666 103750.0 67
135790.00000000003 104000.0 69
135797.5 104000.0 60
// GAP: 135815.83333333334 48 - GAP
136131.6666666667 104125.0 72
136381.6666666667 104250.0 74
136610.83333333334 104375.0 76
136869.1666666667 104500.0 77
137305.0 104750.0 79
137758.33333333334 105000.0 81
138281.66666666666 105250.0 77
138870.0 105500.0 74
139550.0 105750.0 83
// GAP: GAP - 106000.0 79
140608.33333333334 106000.0 84
140626.66666666666 106000.0 76
