0 60
208 64
417 67
625 72
833 76
1042 67
1250 72
1458 76
1667 60
1875 64
2083 67
2292 72
2500 76
2708 67
2917 72
3125 76
3333 60
3542 62
3750 69
3958 74
4167 77
4375 69
4583 74
4792 77
5000 60
5208 62
5417 69
5625 74
5833 77
6042 69
6250 74
6458 77
6667 59
6875 62
7083 67
7292 74
7500 77
7708 67
7917 74
8125 77
8333 59
8542 62
8750 67
8958 74
9167 77
9375 67
9583 74
9792 77
10000 60
10208 64
10417 67
10625 72
10833 76
11042 67
11250 72
11458 76
11667 60
11875 64
12083 67
12292 72
12500 76
12708 67
12917 72
13125 76
13333 60
13542 64
13750 69
13958 76
14167 81
14375 69
14583 76
14792 81
15000 60
15208 64
15417 69
15625 76
15833 81
16042 69
16250 76
16458 81
16667 60
16875 62
17083 66
17292 69
17500 74
17708 66
17917 69
18125 74
18333 60
18542 62
18750 66
18958 69
19167 74
19375 66
19583 69
19792 74
20000 59
20208 62
20417 67
20625 74
20833 79
21042 67
21250 74
21458 79
21667 59
21875 62
22083 67
22292 74
22500 79
22708 67
22917 74
23125 79
23333 59
23542 60
23750 64
23958 67
24167 72
24375 64
24583 67
24792 72
25000 59
25208 60
25417 64
25625 67
25833 72
26042 64
26250 67
26458 72
26667 57
26875 60
27083 64
27292 67
27500 72
27708 64
27917 67
28125 72
28333 57
28542 60
28750 64
28958 67
29167 72
29375 64
29583 67
29792 72
30000 50
30208 57
30417 62
30625 66
30833 72
31042 62
31250 66
31458 72
31667 50
31875 57
32083 62
32292 66
32500 72
32708 62
32917 66
33125 72
33333 55
33542 59
33750 62
33958 67
34167 71
34375 62
34583 67
34792 71
35000 55
35208 59
35417 62
35625 67
35833 71
36042 62
36250 67
36458 71
36667 55
36875 58
37083 64
37292 67
37500 73
37708 64
37917 67
38125 73
38333 55
38542 58
38750 64
38958 67
39167 73
39375 64
39583 67
39792 73
40000 53
40208 57
40417 62
40625 69
40833 74
41042 62
41250 69
41458 74
41667 53
41875 57
42083 62
42292 69
42500 74
42708 62
42917 69
43125 74
43333 53
43542 56
43750 62
43958 65
44167 71
44375 62
44583 65
44792 71
45000 53
45208 56
45417 62
45625 65
45833 71
46042 62
46250 65
46458 71
46667 52
46875 55
47083 60
47292 67
47500 72
47708 60
47917 67
48125 72
48333 52
48542 55
48750 60
48958 67
49167 72
49375 60
49583 67
49792 72
50000 52
50208 53
50417 57
50625 60
50833 65
51042 57
51250 60
51458 65
51667 52
51875 53
52083 57
52292 60
52500 65
52708 57
52917 60
53125 65
53333 50
53542 53
53750 57
53958 60
54167 65
54375 57
54583 60
54792 65
55000 50
55208 53
55417 57
55625 60
55833 65
56042 57
56250 60
56458 65
56667 43
56875 50
57083 55
57292 59
57500 65
57708 55
57917 59
58125 65
58333 43
58542 50
58750 55
58958 59
59167 65
59375 55
59583 59
59792 65
60000 48
60208 52
60417 55
60625 60
60833 64
61042 55
61250 60
61458 64
61667 48
61875 52
62083 55
62292 60
62500 64
62708 55
62917 60
63125 64
63333 48
63542 55
63750 58
63958 60
64167 64
64375 58
64583 60
64792 64
65000 48
65208 55
65417 58
65625 60
65833 64
66042 58
66250 60
66458 64
66667 41
66875 53
67083 57
67292 60
67500 64
67708 57
67917 60
68125 64
68333 41
68542 53
68750 57
68958 60
69167 64
69375 57
69583 60
69792 64
70000 42
70208 48
70417 57
70625 60
70833 63
71042 57
71250 60
71458 63
71667 42
71875 48
72083 57
72292 60
72500 63
72708 57
72917 60
73125 63
73333 44
73542 53
73750 59
73958 60
74167 62
74375 59
74583 60
74792 62
75000 44
75208 53
75417 59
75625 60
75833 62
76042 59
76250 60
76458 62
76667 43
76875 53
77083 55
77292 59
77500 62
77708 55
77917 59
78125 62
78333 43
78542 53
78750 55
78958 59
79167 62
79375 55
79583 59
79792 62
80000 43
80208 52
80417 55
80625 60
80833 64
81042 55
81250 60
81458 64
81667 43
81875 52
82083 55
82292 60
82500 64
82708 55
82917 60
83125 64
83333 43
83542 50
83750 55
83958 60
84167 65
84375 55
84583 60
84792 65
85000 43
85208 50
85417 55
85625 60
85833 65
86042 55
86250 60
86458 65
86667 43
86875 50
87083 55
87292 59
87500 65
87708 55
87917 59
88125 65
88333 43
88542 50
88750 55
88958 59
89167 65
89375 55
89583 59
89792 65
90000 43
90208 51
90417 57
90625 60
90833 66
91042 57
91250 60
91458 66
91667 43
91875 51
92083 57
92292 60
92500 66
92708 57
92917 60
93125 66
93333 43
93542 52
93750 55
93958 60
94167 67
94375 55
94583 60
94792 67
95000 43
95208 52
95417 55
95625 60
95833 67
96042 55
96250 60
96458 67
96667 43
96875 50
97083 55
97292 60
97500 65
97708 55
97917 60
98125 65
98333 43
98542 50
98750 55
98958 60
99167 65
99375 55
99583 60
99792 65
100000 43
100208 50
100417 55
100625 59
100833 65
101042 55
101250 59
101458 65
101667 43
101875 50
102083 55
102292 59
102500 65
102708 55
102917 59
103125 65
103333 36
103542 48
103750 55
103958 58
104167 64
104375 55
104583 58
104792 64
105000 36
105208 48
105417 55
105625 58
105833 64
106042 55
106250 58
106458 64
106667 36
106875 48
107083 53
107292 57
107500 60
107708 65
107917 60
108125 57
108333 60
108542 57
108750 53
108958 57
109167 53
109375 50
109583 53
109792 50
110000 36
110208 47
110417 67
110625 71
110833 74
111042 77
111250 74
111458 71
111667 74
111875 71
112083 67
112292 71
112500 62
112708 65
112917 64
113125 62
113333 64
113333 67
113333 72
113333 36
113333 48
