1026 60
1255 64
1475 67
1662 72
1875 76
2118 67
2327 72
2546 76
2780 60
2991 64
3203 67
3419 72
3644 76
3880 67
4099 72
4324 76
4565 60
4782 62
4991 69
5210 74
5442 77
5673 69
5886 74
6111 77
6350 60
6561 62
6783 69
7002 74
7213 77
7452 69
7678 74
7889 77
8109 59
8354 62
8564 67
8782 74
8995 77
9222 67
9453 74
9685 77
9900 59
10118 62
10357 67
10570 74
10788 77
11025 67
11253 74
11481 77
11724 60
11954 64
12190 67
12419 72
12630 76
12870 67
13085 72
13324 76
13548 60
13768 64
14009 67
14236 72
14462 76
14694 67
14921 72
15163 76
15391 60
15622 64
15818 69
16032 76
16267 81
16507 69
16733 76
16942 81
17146 60
17392 64
17612 69
17823 76
18048 81
18258 69
18495 76
18729 81
18924 60
19143 62
19391 66
19611 69
19840 74
20069 66
20294 69
20547 74
20745 60
20972 62
21194 66
21418 69
21653 74
21882 66
22109 69
22370 74
22572 59
22793 62
23034 67
23267 74
23508 79
23743 67
23972 74
24195 79
24423 59
24650 62
24870 67
25098 74
25333 79
25558 67
25808 74
26049 79
26264 59
26505 60
26729 64
26948 67
27178 72
27403 64
27615 67
27858 72
28092 59
28336 60
28553 64
28763 67
28993 72
29222 64
29448 67
29690 72
29923 57
30167 60
30398 64
30607 67
30838 72
31078 64
31290 67
31538 72
31764 57
32011 60
32234 64
32456 67
32685 72
32912 64
33127 67
33382 72
33588 50
33818 57
34061 62
34282 66
34532 72
34768 62
34984 66
35218 72
35433 50
35686 57
35908 62
36128 66
36375 72
36616 62
36842 66
37085 72
37296 55
37568 59
37790 62
38002 67
38222 71
38469 62
38694 67
38942 71
39162 55
39398 59
39630 62
39849 67
40086 71
40327 62
40542 67
40803 71
41078 55
41382 58
41639 64
41879 67
42136 73
42375 64
42604 67
42835 73
43065 55
43314 58
43562 64
43798 67
44034 73
44269 64
44508 67
44746 73
44968 53
45203 57
45453 62
45685 69
45933 74
46155 62
46398 69
46634 74
46850 53
47083 57
47320 62
47547 69
47783 74
48004 62
48238 69
48505 74
48755 53
49004 56
49233 62
49486 65
49720 71
49948 62
50203 65
50453 71
50689 53
50907 56
51158 62
51386 65
51622 71
51875 62
52098 65
52359 71
52588 52
52819 55
53058 60
53299 67
53555 72
53788 60
54011 67
54246 72
54498 52
54741 55
54973 60
55189 67
55433 72
55665 60
55896 67
56139 72
56377 52
56620 53
56859 57
57078 60
57341 65
57565 57
57798 60
58032 65
58248 52
58493 53
58716 57
58948 60
59203 65
59445 57
59667 60
59908 65
60139 50
60402 53
60629 57
60847 60
61094 65
61332 57
61568 60
61794 65
62040 50
62294 53
62535 57
62772 60
62990 65
63199 57
63439 60
63694 65
63931 43
64180 50
64435 55
64678 59
64898 65
65123 55
65372 59
65612 65
65836 43
66067 50
66318 55
66558 59
66803 65
67040 55
67264 59
67532 65
67769 48
68014 52
68254 55
68490 60
68720 64
68948 55
69178 60
69438 64
69671 48
69919 52
70150 55
70393 60
70630 64
70861 55
71118 60
71403 64
71683 48
71986 55
72210 58
72474 60
72723 64
72953 58
73176 60
73433 64
73678 48
73933 55
74178 58
74418 60
74641 64
74872 58
75111 60
75361 64
75611 41
75875 53
76106 57
76354 60
76582 64
76829 57
77062 60
77282 64
77525 41
77767 53
78025 57
78254 60
78512 64
78748 57
78986 60
79225 64
79482 42
79755 48
80000 57
80241 60
80474 63
80701 57
80943 60
81192 63
81432 42
81669 48
81909 57
82148 60
82401 63
82644 57
82879 60
83127 63
83377 44
83620 53
83859 59
84091 60
84340 62
84573 59
84806 60
85044 62
85268 44
85537 53
85766 59
86017 60
86242 62
86491 59
86729 60
86991 62
87323 43
87693 53
87945 55
88201 59
88444 62
88676 55
88930 59
89172 62
89412 43
89673 53
89905 55
90155 59
90415 62
90658 55
90896 59
91151 62
91394 43
91629 52
91887 55
92120 60
92384 64
92637 55
92858 60
93111 64
93352 43
93597 52
93831 55
94069 60
94333 64
94578 55
94805 60
95058 64
95298 43
95549 50
95788 55
96023 60
96271 65
96511 55
96736 60
96983 65
97234 43
97479 50
97702 55
97944 60
98192 65
98449 55
98678 60
98938 65
99159 43
99423 50
99648 55
99898 59
100118 65
100359 55
100588 59
100841 65
101091 43
101336 50
101585 55
101838 59
102049 65
102287 55
102517 59
102750 65
102992 43
103310 51
103558 57
103787 60
104028 66
104261 57
104500 60
104740 66
104968 43
105236 51
105496 57
105727 60
105988 66
106243 57
106469 60
106708 66
106979 43
107322 52
107592 55
107836 60
108085 67
108352 55
108588 60
108831 67
109085 43
109400 52
109659 55
109893 60
110133 67
110408 55
110639 60
110889 67
111182 43
111507 50
111766 55
111996 60
112248 65
112508 55
112731 60
112977 65
113210 43
113482 50
113723 55
113957 60
114192 65
114432 55
114651 60
114918 65
115157 43
115439 50
115688 55
115931 59
116174 65
116428 55
116658 59
116914 65
117138 43
117396 50
117639 55
117883 59
118164 65
118426 55
118674 59
118938 65
119197 36
119525 48
119796 55
120039 58
120293 64
120560 55
120813 58
121067 64
121314 36
121598 48
121838 55
122076 58
122368 64
122662 55
122915 58
123190 64
123465 36
123823 48
124159 53
124454 57
124723 60
124972 65
125211 60
125447 57
125702 60
125973 57
126225 53
126486 57
126755 53
127021 50
127287 53
127621 50
127970 36
128449 47
128893 67
129303 71
129634 74
129922 77
130204 74
130495 71
130803 74
131130 71
131472 67
131838 71
132224 62
132681 65
133137 64
133712 62
134664 72
134671 48
134674 36
134676 64
