1025.8333333333335 0.0 60
1255.0000000000002 208.33325 64
1475.0 416.6665 67
1661.6666666666667 624.99975 72
1875.0000000000002 833.333 76
2117.5 1041.66625 67
2326.6666666666665 1249.9995 72
2545.8333333333335 1458.3327499999998 76
2780.0000000000005 1666.666 60
2990.8333333333335 1874.9992499999998 64
3203.3333333333335 2083.3325 67
3419.166666666667 2291.66575 72
3644.166666666667 2499.999 76
3880.0000000000005 2708.33225 67
4099.166666666667 2916.6654999999996 72
4324.166666666667 3124.99875 76
4565.0 3333.332 60
4781.666666666667 3541.66525 62
4990.833333333334 3749.9984999999997 69
5210.0 3958.33175 74
5441.666666666667 4166.665 77
5673.333333333334 4374.99825 69
5885.833333333334 4583.3315 74
6110.833333333334 4791.66475 77
6350.000000000001 4999.998 60
6560.833333333334 5208.331249999999 62
6782.500000000001 5416.6645 69
7001.666666666667 5624.9977499999995 74
7213.333333333334 5833.330999999999 77
7451.666666666667 6041.664249999999 69
7677.5 6249.9975 74
7889.166666666667 6458.33075 77
8109.166666666667 6666.664 59
8354.166666666668 6874.997249999999 62
8564.166666666666 7083.3305 67
8781.666666666668 7291.66375 74
8995.000000000002 7499.996999999999 77
9221.666666666668 7708.330249999999 67
9453.333333333334 7916.6635 74
9685.0 8124.996749999999 77
9900.0 8333.33 59
10118.333333333334 8541.66325 62
10356.666666666668 8749.9965 67
10570.0 8958.329749999999 74
10787.500000000002 9166.663 77
11025.0 9374.996249999998 67
11252.500000000002 9583.3295 74
11480.833333333334 9791.66275 77
11724.166666666668 9999.996 60
11954.166666666668 10208.32925 64
12190.000000000002 10416.662499999999 67
12419.166666666668 10624.99575 72
12630.0 10833.329 76
12870.000000000002 11041.66225 67
13085.0 11249.995499999999 72
13324.166666666666 11458.32875 76
13548.333333333334 11666.661999999998 60
13768.333333333334 11874.99525 64
14009.166666666668 12083.328499999998 67
14235.833333333334 12291.66175 72
14462.5 12499.995 76
14694.166666666668 12708.328249999999 67
14920.833333333334 12916.6615 72
15162.500000000002 13124.99475 76
15390.833333333336 13333.328 60
15622.5 13541.66125 64
15817.5 13749.994499999999 69
16031.666666666666 13958.327749999999 76
16266.66666666667 14166.661 81
16506.666666666668 14374.994249999998 69
16733.333333333336 14583.3275 76
16941.666666666668 14791.66075 81
17145.833333333336 14999.993999999999 60
17391.666666666668 15208.32725 64
17611.666666666668 15416.660499999998 69
17823.333333333336 15624.99375 76
18048.333333333336 15833.327 81
18257.5 16041.660249999999 69
18495.0 16249.993499999999 76
18729.166666666668 16458.326749999997 81
18924.166666666668 16666.66 60
19143.333333333336 16874.99325 62
19390.833333333332 17083.3265 66
19610.833333333336 17291.65975 69
19840.0 17499.993 74
20069.166666666668 17708.32625 66
20294.166666666668 17916.659499999998 69
20546.666666666668 18124.99275 74
20745.0 18333.326 60
20971.666666666668 18541.659249999997 62
21194.166666666668 18749.992499999997 66
21418.333333333332 18958.32575 69
21653.333333333336 19166.659 74
21881.666666666668 19374.99225 66
22109.166666666668 19583.3255 69
22370.0 19791.65875 74
22571.666666666668 19999.992 59
22793.333333333336 20208.325249999998 62
23034.166666666668 20416.6585 67
23266.666666666668 20624.99175 74
23507.5 20833.324999999997 79
23742.500000000004 21041.658249999997 67
23972.5 21249.9915 74
24195.0 21458.32475 79
24423.333333333336 21666.658 59
24650.000000000004 21874.991249999995 62
24870.0 22083.3245 67
25097.5 22291.65775 74
25333.333333333336 22499.990999999998 79
25558.333333333332 22708.32425 67
25808.333333333332 22916.6575 74
26049.166666666668 23124.990749999997 79
26264.166666666668 23333.323999999997 59
26505.000000000004 23541.65725 60
26729.166666666668 23749.9905 64
26948.333333333336 23958.32375 67
27178.333333333336 24166.656999999996 72
27402.500000000004 24374.99025 64
27615.000000000004 24583.3235 67
27858.333333333336 24791.65675 72
28092.5 24999.99 59
28335.833333333332 25208.323249999998 60
28553.333333333336 25416.656499999997 64
28763.333333333336 25624.989749999997 67
28992.500000000004 25833.323 72
29221.666666666668 26041.65625 64
29448.333333333336 26249.9895 67
29690.0 26458.322749999996 72
29923.333333333336 26666.656 57
30166.666666666668 26874.98925 60
30397.5 27083.3225 64
30606.666666666668 27291.65575 67
30838.333333333336 27499.988999999998 72
31078.333333333336 27708.322249999997 64
31290.000000000004 27916.655499999997 67
31537.5 28124.98875 72
31764.166666666668 28333.322 57
32010.83333333334 28541.65525 60
32234.166666666668 28749.988499999996 64
32455.83333333334 28958.32175 67
32685.000000000004 29166.655 72
32911.66666666667 29374.98825 64
33126.66666666667 29583.3215 67
33382.5 29791.654749999998 72
33587.50000000001 29999.987999999998 50
33817.5 30208.321249999997 57
34060.833333333336 30416.6545 62
34282.5 30624.98775 66
34531.666666666664 30833.320999999996 72
34768.333333333336 31041.654249999996 62
34984.166666666664 31249.9875 66
35217.5 31458.32075 72
35433.333333333336 31666.654 50
35685.833333333336 31874.98725 57
35907.5 32083.320499999998 62
36127.50000000001 32291.65375 66
36375.0 32499.986999999997 72
36615.833333333336 32708.32025 62
36842.5 32916.65349999999 66
37085.0 33124.98675 72
37295.833333333336 33333.32 55
37567.5 33541.653249999996 59
37790.0 33749.9865 62
38001.66666666667 33958.31975 67
38221.66666666667 34166.653 71
38469.166666666664 34374.98625 62
38694.166666666664 34583.3195 67
38942.5 34791.652749999994 71
39161.66666666667 34999.986 55
39398.333333333336 35208.31924999999 59
39630.0 35416.6525 62
39849.16666666667 35624.98575 67
40085.833333333336 35833.318999999996 71
40326.66666666667 36041.65225 62
40541.66666666667 36249.9855 67
40803.333333333336 36458.31875 71
41078.333333333336 36666.652 55
41382.5 36874.98525 58
41639.16666666667 37083.318499999994 64
41879.16666666667 37291.65175 67
42135.833333333336 37499.98499999999 73
42375.0 37708.31825 64
42604.16666666667 37916.6515 67
42835.0 38124.984749999996 73
43065.00000000001 38333.318 55
43314.16666666667 38541.65125 58
43562.5 38749.9845 64
43798.333333333336 38958.31775 67
44034.16666666667 39166.651 73
44269.16666666667 39374.984249999994 64
44507.5 39583.3175 67
44745.833333333336 39791.65074999999 73
44967.5 39999.984 53
45203.333333333336 40208.31725 57
45453.333333333336 40416.650499999996 62
45685.0 40624.98375 69
45932.50000000001 40833.317 74
46155.0 41041.65025 62
46397.5 41249.9835 69
46634.16666666667 41458.31675 74
46850.0 41666.649999999994 53
47083.333333333336 41874.98325 57
47320.0 42083.31649999999 62
47546.666666666664 42291.64975 69
47782.50000000001 42499.983 74
48004.16666666667 42708.316249999996 62
48238.333333333336 42916.6495 69
48505.0 43124.98275 74
48755.0 43333.316 53
49004.16666666667 43541.64925 56
49233.333333333336 43749.98249999999 62
49485.833333333336 43958.315749999994 65
49720.00000000001 44166.649 71
49948.333333333336 44374.982249999994 62
50203.333333333336 44583.3155 65
50453.333333333336 44791.64875 71
50689.16666666667 44999.981999999996 53
50906.66666666667 45208.31525 56
51157.50000000001 45416.6485 62
51385.833333333336 45624.98175 65
51622.5 45833.315 71
51875.0 46041.64824999999 62
52097.50000000001 46249.981499999994 65
52359.166666666664 46458.31475 71
52587.50000000001 46666.647999999994 52
52819.166666666664 46874.98125 55
53057.50000000001 47083.3145 60
53299.16666666667 47291.64775 67
53555.00000000001 47499.981 72
53787.5 47708.31425 60
54010.833333333336 47916.6475 67
54245.833333333336 48124.98075 72
54497.5 48333.31399999999 52
54740.833333333336 48541.647249999995 55
54972.50000000001 48749.9805 60
55189.16666666667 48958.313749999994 67
55433.333333333336 49166.647 72
55665.00000000001 49374.98025 60
55895.833333333336 49583.3135 67
56139.16666666667 49791.64675 72
56376.66666666667 49999.98 52
56620.00000000001 50208.31325 53
56859.166666666664 50416.646499999995 57
57078.33333333334 50624.97974999999 60
57340.833333333336 50833.312999999995 65
57565.00000000001 51041.64625 57
57798.333333333336 51249.979499999994 60
58031.66666666667 51458.31275 65
58248.333333333336 51666.646 52
58492.50000000001 51874.97925 53
58715.833333333336 52083.3125 57
58948.333333333336 52291.64575 60
59203.33333333334 52499.979 65
59445.0 52708.312249999995 57
59666.66666666667 52916.64549999999 60
59907.50000000001 53124.978749999995 65
60139.16666666667 53333.312 50
60402.5 53541.645249999994 53
60629.16666666667 53749.9785 57
60846.66666666667 53958.31175 60
61094.16666666667 54166.645 65
61331.66666666667 54374.97825 57
61567.5 54583.3115 60
61794.16666666667 54791.64475 65
62040.00000000001 54999.977999999996 50
62294.16666666667 55208.31124999999 53
62535.00000000001 55416.644499999995 57
62772.5 55624.97775 60
62990.0 55833.310999999994 65
63199.16666666667 56041.64425 57
63439.16666666667 56249.9775 60
63694.166666666664 56458.31075 65
63930.83333333334 56666.644 43
64180.00000000001 56874.977249999996 50
64435.0 57083.3105 55
64678.33333333334 57291.643749999996 59
64898.33333333334 57499.97699999999 65
65123.333333333336 57708.310249999995 55
65372.5 57916.6435 59
65611.66666666667 58124.976749999994 65
65835.83333333334 58333.31 43
66066.66666666667 58541.64325 50
66317.50000000001 58749.9765 55
66558.33333333334 58958.30975 59
66802.50000000001 59166.643 65
67040.0 59374.97624999999 55
67264.16666666667 59583.309499999996 59
67532.5 59791.64274999999 65
67769.16666666667 59999.975999999995 48
68014.16666666667 60208.30925 52
68254.16666666667 60416.642499999994 55
68490.00000000001 60624.97575 60
68720.0 60833.309 64
68948.33333333334 61041.64225 55
69178.33333333334 61249.9755 60
69437.5 61458.30875 64
69670.83333333333 61666.64199999999 48
69919.16666666667 61874.975249999996 52
70150.0 62083.30849999999 55
70393.33333333333 62291.641749999995 60
70630.00000000001 62499.975 64
70860.83333333333 62708.308249999995 55
71117.5 62916.6415 60
71403.33333333334 63124.97475 64
71683.33333333334 63333.308 48
71985.83333333333 63541.64125 55
72210.00000000001 63749.9745 58
72474.16666666667 63958.30774999999 60
72722.50000000001 64166.640999999996 64
72953.33333333333 64374.97424999999 58
73175.83333333334 64583.3075 60
73433.33333333334 64791.64075 64
73677.50000000001 64999.973999999995 48
73933.33333333334 65208.30724999999 55
74178.33333333334 65416.6405 58
74418.33333333334 65624.97374999999 60
74640.83333333333 65833.30699999999 64
74872.5 66041.64025 58
75110.83333333333 66249.9735 60
75360.83333333333 66458.30674999999 64
75610.83333333333 66666.64 41
75875.0 66874.97325 53
76105.83333333334 67083.30649999999 57
76354.16666666667 67291.63975 60
76581.66666666667 67499.973 64
76829.16666666667 67708.30625 57
77062.5 67916.6395 60
77281.66666666667 68124.97275 64
77525.0 68333.306 41
77766.66666666667 68541.63925000001 53
78025.0 68749.9725 57
78254.16666666667 68958.30575 60
78511.66666666667 69166.639 64
78748.33333333333 69374.97225 57
78985.83333333333 69583.30549999999 60
79225.00000000001 69791.63874999998 64
79481.66666666667 69999.972 42
79755.00000000001 70208.30524999999 48
80000.0 70416.63849999999 57
80240.83333333334 70624.97175 60
80474.16666666667 70833.305 63
80700.83333333333 71041.63824999999 57
80942.50000000001 71249.9715 60
81191.66666666667 71458.30475 63
81432.5 71666.63799999999 42
81669.16666666667 71874.97125 48
81909.16666666667 72083.3045 57
82147.50000000001 72291.63775 60
82400.83333333334 72499.971 63
82644.16666666667 72708.30425 57
82879.16666666667 72916.6375 60
83126.66666666667 73124.97075000001 63
83376.66666666667 73333.304 44
83620.0 73541.63725 53
83859.16666666667 73749.9705 59
84090.83333333334 73958.30374999999 60
84340.0 74166.63699999999 62
84573.33333333334 74374.97024999998 59
84805.83333333334 74583.3035 60
85044.16666666667 74791.63674999999 62
85268.33333333334 74999.96999999999 44
85536.66666666667 75208.30325 53
85765.83333333333 75416.6365 59
86016.66666666667 75624.96974999999 60
86242.5 75833.303 62
86490.83333333334 76041.63625 59
86729.16666666667 76249.96949999999 60
86990.83333333334 76458.30275 62
87323.33333333334 76666.636 43
87692.50000000001 76874.96925 53
87945.00000000001 77083.3025 55
88200.83333333333 77291.63575 59
88444.16666666667 77499.969 62
88675.83333333334 77708.30225000001 55
88930.0 77916.6355 59
89171.66666666667 78124.96875 62
89411.66666666667 78333.302 43
89673.33333333333 78541.63524999999 53
89905.0 78749.96849999999 55
90155.0 78958.30174999998 59
90415.0 79166.635 62
90657.5 79374.96824999999 55
90895.83333333334 79583.30149999999 59
91150.83333333334 79791.63475 62
91394.16666666667 79999.968 43
91629.16666666667 80208.30124999999 52
91886.66666666667 80416.6345 55
92120.0 80624.96775 60
92384.16666666667 80833.30099999999 64
92636.66666666667 81041.63425 55
92858.33333333333 81249.9675 60
93110.83333333334 81458.30075 64
93352.5 81666.634 43
93596.66666666667 81874.96725 52
93830.83333333334 82083.3005 55
94069.16666666667 82291.63375000001 60
94333.33333333334 82499.967 64
94578.33333333333 82708.30025 55
94805.0 82916.6335 60
95057.5 83124.96674999999 64
95298.33333333334 83333.29999999999 43
95549.16666666669 83541.63324999998 50
95787.50000000001 83749.9665 55
96022.50000000001 83958.29974999999 60
96270.83333333334 84166.63299999999 65
96510.83333333334 84374.96625 55
96735.83333333334 84583.2995 60
96983.33333333333 84791.63274999999 65
97234.16666666667 84999.966 43
97479.16666666667 85208.29925 50
97701.66666666667 85416.63249999999 55
97944.16666666667 85624.96575 60
98191.66666666667 85833.299 65
98449.16666666667 86041.63225 55
98677.50000000001 86249.9655 60
98937.5 86458.29875 65
99159.16666666667 86666.632 43
99423.33333333334 86874.96525000001 50
99648.33333333334 87083.2985 55
99898.33333333334 87291.63175 59
100118.33333333334 87499.96499999998 65
100359.16666666667 87708.29824999999 55
100588.33333333334 87916.63149999999 59
100840.83333333334 88124.96474999998 65
101090.83333333334 88333.298 43
101335.83333333334 88541.63124999999 50
101585.00000000001 88749.96449999999 55
101838.33333333334 88958.29775 59
102049.16666666669 89166.631 65
102286.66666666667 89374.96424999999 55
102516.66666666669 89583.2975 59
102750.0 89791.63075 65
102992.5 89999.96399999999 43
103310.0 90208.29725 51
103557.5 90416.6305 57
103786.66666666667 90624.96375 60
104028.33333333334 90833.297 66
104260.83333333334 91041.63025 57
104500.0 91249.9635 60
104740.00000000001 91458.29675 66
104967.5 91666.63 43
105235.83333333334 91874.96324999999 51
105495.83333333334 92083.29649999998 57
105726.66666666667 92291.62975 60
105988.33333333334 92499.96299999999 66
106243.33333333334 92708.29624999998 57
106469.16666666669 92916.6295 60
106708.33333333334 93124.96274999999 66
106979.16666666667 93333.29599999999 43
107321.66666666667 93541.62925 52
107592.5 93749.9625 55
107835.83333333334 93958.29574999999 60
108085.00000000001 94166.629 67
108352.5 94374.96225 55
108587.5 94583.2955 60
108830.83333333334 94791.62875 67
109085.00000000001 94999.962 43
109400.0 95208.29525 52
109659.16666666667 95416.6285 55
109893.33333333334 95624.96175 60
110132.50000000001 95833.295 67
110407.50000000001 96041.62825 55
110639.16666666667 96249.9615 60
110889.16666666667 96458.29474999999 67
111182.5 96666.62799999998 43
111506.66666666667 96874.96125 50
111765.83333333334 97083.29449999999 55
111995.83333333334 97291.62774999999 60
112247.5 97499.961 65
112507.50000000001 97708.29424999999 55
112730.83333333334 97916.62749999999 60
112976.66666666667 98124.96075 65
113210.00000000001 98333.294 43
113481.66666666667 98541.62724999999 50
113722.50000000001 98749.9605 55
113956.66666666667 98958.29375 60
114191.66666666667 99166.627 65
114432.5 99374.96025 55
114650.83333333334 99583.2935 60
114918.33333333334 99791.62675 65
115156.66666666669 99999.96 43
115439.16666666669 100208.29325 50
115687.50000000001 100416.6265 55
115930.83333333334 100624.95975 59
116174.16666666669 100833.29299999999 65
116428.33333333334 101041.62624999999 55
116657.50000000001 101249.95949999998 59
116914.16666666667 101458.29275 65
117138.33333333333 101666.62599999999 43
117395.83333333334 101874.95924999999 50
117639.16666666667 102083.2925 55
117882.50000000001 102291.62574999999 59
118164.16666666667 102499.95899999999 65
118425.83333333334 102708.29225 55
118674.16666666669 102916.6255 59
118937.50000000001 103124.95874999999 65
119196.66666666667 103333.292 36
119525.0 103541.62525 48
119795.83333333333 103749.9585 55
120039.16666666667 103958.29175 58
120293.33333333334 104166.625 64
120560.0 104374.95825 55
120812.50000000001 104583.2915 58
121066.66666666667 104791.62475 64
121314.16666666669 104999.958 36
121597.50000000001 105208.29125 48
121837.5 105416.62449999999 55
122075.83333333333 105624.95774999999 58
122367.5 105833.29099999998 64
122661.66666666667 106041.62425 55
122915.0 106249.95749999999 58
123190.00000000001 106458.29074999999 64
123465.0 106666.624 36
123823.33333333334 106874.95724999999 48
124159.16666666667 107083.29049999999 53
124454.16666666669 107291.62375 57
124722.50000000001 107499.957 60
124971.66666666667 107708.29024999999 65
125210.83333333334 107916.6235 60
125446.66666666667 108124.95675 57
125701.66666666667 108333.29 60
125972.50000000001 108541.62325 57
126225.00000000001 108749.9565 53
126485.83333333334 108958.28975 57
126755.00000000001 109166.623 53
127020.83333333334 109374.95625 50
127286.66666666667 109583.2895 53
127620.83333333334 109791.62274999998 50
127970.00000000001 109999.95599999999 36
128449.16666666669 110208.28924999999 47
128893.33333333334 110416.62249999998 67
129303.33333333334 110624.95575 71
129634.16666666669 110833.28899999999 74
129921.66666666669 111041.62224999999 77
130204.16666666669 111249.9555 74
130495.0 111458.28874999999 71
130803.33333333334 111666.62199999999 74
131130.0 111874.95525 71
131472.5 112083.2885 67
131837.5 112291.62174999999 71
132224.16666666666 112499.955 62
132680.83333333334 112708.28825 65
133136.6666666667 112916.6215 64
133712.5 113124.95475 62
134664.1666666667 113333.288 72
134670.83333333334 113333.288 48
134674.1666666667 113333.288 36
134675.83333333334 113333.288 64
// GAP: GAP - 113333.288 67
