500 60
1000 62
1500 64
2000 65
2750 67
2875 65
3000 64
3500 69
4000 62
4500 67
5250 69
5500 67
5750 65
6000 64
6250 65
6500 64
6500 67
6750 62
7000 60
7000 69
7250 62
7500 60
7500 71
7750 59
8000 57
8000 72
8500 66
8750 74
8875 72
9000 67
9000 71
9500 76
10000 69
10500 66
10500 74
10750 64
11000 66
11250 76
11500 62
11500 74
11750 72
12000 67
12000 71
12250 67
12500 65
12500 69
12500 55
12750 71
13000 64
13000 72
13000 57
13250 71
13500 62
13500 72
13500 59
13750 74
14000 60
14000 76
14000 60
14250 74
14500 76
14750 78
14750 62
14875 60
15000 79
15000 59
15500 67
15500 71
15500 64
16000 72
16000 57
16500 65
16500 69
16500 62
16750 64
17000 65
17000 74
17250 72
17250 64
17500 71
17500 62
17750 69
17750 60
18000 67
18000 59
18250 65
18500 64
18500 60
18500 48
18750 67
19000 62
19000 65
19000 50
19250 64
19500 65
19500 58
19500 52
19750 67
20000 60
20000 69
20000 57
20000 53
20250 67
20500 65
20500 69
20500 62
20750 71
20750 55
20875 53
21000 72
21000 55
21000 52
21250 67
21500 65
21500 60
21500 57
21750 64
22000 65
22000 50
22250 57
22500 62
22500 59
22500 55
22750 60
23000 67
23000 71
23000 62
23250 57
23500 55
23750 53
24000 55
24000 52
24250 53
24500 72
24500 52
24750 50
25000 74
25000 48
25250 50
25500 76
25500 55
25500 48
25750 47
26000 77
26000 57
26000 45
26500 59
26500 50
26750 79
26875 77
27000 76
27000 60
27000 57
27500 81
27500 54
27750 62
27875 60
28000 74
28000 59
28000 55
28250 57
28500 79
28500 64
28500 58
28750 55
29000 57
29000 49
29250 81
29500 79
29500 62
29500 50
29750 77
30000 76
30000 57
30250 64
30500 81
30500 62
30750 60
31000 59
31000 52
31250 83
31500 81
31500 64
31750 79
32000 77
32000 57
32250 59
32500 67
32500 60
32750 62
33000 69
33000 62
33000 60
33250 59
33500 71
33500 57
33750 55
34000 72
34000 76
34000 60
34000 60
34250 59
34500 60
34750 74
34750 78
34750 57
34875 72
35000 71
35000 79
35000 64
35250 62
35500 76
35500 60
35750 59
36000 69
36000 60
36250 57
36500 74
36500 59
36750 60
37000 78
37000 62
37250 76
37250 60
37500 74
37500 59
37750 72
37750 57
38000 71
38000 79
38000 55
38250 77
38500 76
38500 43
38750 74
39000 72
39000 45
39250 74
39500 62
39500 72
39500 47
39750 71
40000 64
40000 69
40000 48
40250 72
40500 66
40500 71
40750 69
40750 50
40875 48
41000 67
41000 67
41000 47
41500 52
41750 69
41875 67
42000 66
42000 45
42250 72
42500 71
42500 71
42500 50
42750 69
43000 64
43000 68
43250 52
43500 69
43500 76
43500 50
43750 48
44000 74
44000 47
44250 71
44500 69
44500 72
44500 52
44500 52
44750 68
44750 71
45000 66
45000 69
45000 54
45250 68
45500 65
45500 69
45500 56
45500 50
45750 71
46000 64
46000 72
46000 57
46000 48
46250 66
46500 62
46500 68
46500 53
46750 69
46750 59
46875 57
47000 71
47000 56
47250 64
47500 66
47500 69
47500 60
47500 52
47750 68
47750 71
48000 69
48000 72
48000 54
48250 68
48500 69
48500 77
48500 59
48500 50
48750 71
49000 68
49000 76
49250 66
49250 60
49500 68
49500 74
49500 59
49500 52
49750 69
49750 57
50000 71
50000 74
50000 56
50000 53
50500 72
50500 57
50500 52
50750 71
50750 50
51000 71
51000 71
51000 52
51123 72
51125 72
51248 71
51250 71
51500 56
51750 69
52000 69
52000 57
52000 45
52500 60
53000 62
53500 64
53500 55
54000 65
54000 57
54500 59
54750 67
54875 65
55000 64
55000 60
55500 69
55750 62
55875 60
56000 62
56000 59
56500 67
56500 64
56500 43
57000 57
57000 45
57250 69
57500 67
57500 62
57500 47
57750 65
58000 64
58000 48
58500 64
58500 67
58500 55
58750 50
58875 48
59000 66
59000 69
59000 62
59000 47
59500 67
59500 71
59500 52
60000 72
60000 60
60000 45
60500 66
60500 57
60500 50
60750 74
60875 72
61000 68
61000 71
61000 64
61250 52
61500 69
61500 72
61500 50
61750 48
62000 69
62000 74
62000 62
62000 47
62500 67
62500 76
62500 46
63000 69
63000 77
63000 45
63500 71
63500 43
63750 79
63875 77
64000 72
64000 76
64000 45
64500 81
64500 57
64500 54
64750 74
64875 72
65000 71
65000 74
65000 59
65000 55
65500 76
65500 79
65500 61
65500 52
66000 69
66000 62
66000 50
66250 81
66500 74
66500 79
66750 77
66750 64
66875 62
67000 76
67000 60
67000 52
67250 76
67500 74
67500 81
67500 65
67500 53
67750 72
68000 71
68000 74
68000 59
68000 55
68500 79
68500 82
68500 64
68750 57
68875 55
69000 73
69000 81
69000 53
69250 65
69500 74
69500 79
69500 64
69500 58
69750 77
69750 62
70000 76
70000 79
70000 61
70000 52
70250 77
70500 73
70500 79
70500 57
70750 76
71000 74
71000 77
71250 79
71250 58
71500 76
71500 79
71500 79
71500 57
71581 81
71625 81
71665 79
71688 79
71750 77
71750 55
71875 79
72000 69
72000 81
72000 53
72250 73
72250 52
72500 74
72500 57
72500 53
72750 79
72750 50
73000 76
73000 76
73000 59
73000 55
73123 77
73125 77
73248 76
73250 76
73500 64
73500 61
73500 57
73750 74
74000 66
74000 74
74000 62
74000 50
74500 67
74750 64
74875 62
75000 69
75000 60
75500 66
75750 71
75875 69
76000 67
76000 59
76250 52
76500 72
76500 64
76500 50
76750 48
77000 66
77000 47
77250 66
77250 45
77500 71
77500 64
77500 43
77750 62
77750 42
78000 60
78000 40
78250 72
78500 71
78500 52
78750 69
79000 67
79000 54
79250 66
79500 64
79500 67
79500 55
79750 62
80000 64
80000 69
80000 60
80250 62
80500 71
80500 60
80500 57
80750 59
80750 55
81000 62
81000 72
81000 57
81000 54
81250 55
81500 57
81500 50
81750 74
81750 54
81875 72
82000 71
82000 55
82000 55
82250 69
82500 67
82500 76
82500 59
82750 65
83000 64
83000 69
83000 60
83250 67
83500 65
83500 74
83500 62
83750 69
84000 67
84000 64
84250 76
84500 74
84750 72
84750 65
84875 64
85000 71
85000 62
85250 69
85250 72
85500 70
85500 74
85500 67
85750 76
86000 72
86000 77
86000 60
86000 57
86250 79
86500 81
86500 65
86750 79
87000 74
87000 77
87000 59
87250 76
87250 67
87500 67
87500 74
87500 65
87500 60
87750 72
87750 64
88000 67
88000 71
88000 62
88000 53
88250 57
88500 55
88750 53
89000 72
89000 64
89000 52
89250 50
89500 65
89500 74
89500 62
89500 48
89750 47
90000 65
90000 67
90000 48
90250 50
90500 64
90500 72
90500 55
90500 52
90750 53
91000 62
91000 55
91000 55
91500 71
91500 43
92000 64
92000 72
92000 48
92500 69
92500 48
93000 71
93000 50
93500 67
93500 70
93500 52
94000 69
94000 53
94500 65
94500 74
94750 55
94875 53
95000 67
95000 52
95500 69
95500 72
95500 57
96000 70
96000 74
96000 50
96500 76
96500 55
96750 72
96875 70
97000 69
97000 77
97250 57
97500 74
97500 55
97750 53
98000 67
98000 52
98250 81
98250 50
98500 72
98500 79
98500 52
98750 77
98750 53
99000 76
99000 55
99250 74
99250 77
99250 57
99500 72
99500 76
99500 58
99750 70
99750 74
99750 55
100000 69
100000 72
100000 57
100250 70
100250 52
100500 69
100500 53
100750 67
100750 55
101000 65
101000 57
101250 67
101250 59
101500 65
101500 60
101750 64
101750 57
102000 62
102000 59
102250 67
102375 69
102500 71
102750 72
103000 74
103250 76
103500 77
103750 67
104000 69
104000 60
104125 72
104250 74
104375 76
104500 77
104750 79
105000 81
105250 77
105500 74
105750 83
106000 76
106000 79
106000 84
