242 500 60
837 1000 62
1448 1500 64
2106 2000 65
3128 2750 67
3269 2875 65
3404 3000 64
4031 3500 69
4666 4000 62
5330 4500 67
6391 5250 69
6675 5500 67
6957 5750 65
7239 6000 64
7511 6250 65
7781 6500 67
7811 6500 64
8110 6750 62
// GAP: GAP - 7000 60
8367 7000 69
8395 7500 60
8657 7250 62
8932 7500 71
// GAP: 8946 60 - GAP
9232 7750 59
9545 8000 72
9575 8000 57
10168 8500 66
10481 8750 74
10628 8875 72
10777 9000 71
10791 9000 67
11369 9500 76
11993 10000 69
12606 10500 74
12635 10500 66
12923 10750 64
13244 11000 66
13525 11250 76
13837 11500 62
13839 11500 74
14126 11750 72
14453 12000 71
14472 12000 67
14757 12250 67
15069 12500 55
15090 12500 69
15103 12500 65
15369 12750 71
15675 13000 57
15679 13000 72
15710 13000 64
15971 13250 71
16284 13500 72
16288 13500 59
16312 13500 62
16584 13750 74
// GAP: GAP - 14000 60
16895 14000 60
16899 14000 76
17200 14250 74
17490 14500 76
17758 14750 78
17775 14750 62
17908 14875 60
18063 15000 79
18068 15000 59
18679 15500 71
18689 15500 64
18705 15500 67
19300 16000 72
19312 16000 57
19923 16500 62
// GAP: GAP - 16500 65
19925 16500 69
// GAP: GAP - 16750 64
19936 17000 65
20261 17250 64
20534 17000 74
// GAP: 20546 65 - GAP
20838 17250 72
// GAP: 20844 64 - GAP
21120 17500 71
21161 17500 62
21420 17750 69
21432 17750 60
21752 18000 59
21752 18000 67
22088 18250 65
22391 18500 48
22395 18500 60
22420 18500 64
22707 18750 67
23028 19000 50
23038 19000 65
23069 19000 62
23348 19250 64
23656 19500 58
23657 19500 52
23670 19500 65
23980 19750 67
24293 20000 53
24295 20000 57
24296 20000 69
24338 20000 60
24606 20250 67
24900 20500 69
24918 20500 65
24923 20500 62
25198 20750 55
25208 20750 71
25337 20875 53
25497 21000 52
25497 21000 55
25503 21000 72
25814 21250 67
26127 21500 57
26136 21500 60
26138 21500 65
26455 21750 64
26743 22000 50
26751 22000 65
27067 22250 57
27351 22500 62
27353 22500 59
27360 22500 55
27652 22750 60
27936 23000 71
27953 23000 62
27953 23000 67
// GAP: 28048 67 - GAP
28263 23250 57
28555 23500 55
28837 23750 53
29147 24000 52
29148 24000 55
29453 24250 53
29751 24500 72
29770 24500 52
30053 24750 50
// GAP: GAP - 25000 48
30348 25000 74
30358 25500 48
30643 25250 50
30943 25500 76
30948 25500 55
// GAP: 30952 48 - GAP
31260 25750 47
// GAP: GAP - 26000 57
31557 26000 77
31559 27000 57
31568 26000 45
32171 26500 59
32193 26500 50
32482 26750 79
32624 26875 77
32788 27000 76
32798 27000 60
// GAP: 32811 57 - GAP
33423 27500 54
33423 27500 81
33717 27750 62
33848 27875 60
34022 28000 59
34025 28000 74
34037 28000 55
34337 28250 57
34624 28500 64
34626 28500 79
34640 28500 58
34948 28750 55
35248 29000 57
35254 29000 49
35573 29250 81
35882 29500 62
35888 29500 79
35893 29500 50
36201 29750 77
36531 30000 76
36532 30000 57
36834 30250 64
37145 30500 81
37158 30500 62
37459 30750 60
37814 31000 52
37823 31000 59
38193 31250 83
38552 31500 64
38554 31500 81
38898 31750 79
39230 32000 77
39260 32000 57
39534 32250 59
// GAP: GAP - 32500 60
39832 32500 67
39858 33000 60
40152 33000 62
40434 33000 69
40439 32750 62
// GAP: 40455 60 - GAP
40732 33250 59
41036 33500 71
41058 33500 57
41332 33750 55
// GAP: GAP - 34000 60
41649 34000 76
41652 34000 72
41684 34000 60
41995 34250 59
42287 34500 60
42571 34750 78
42573 34750 74
42588 34750 57
42708 34875 72
42876 35000 71
42878 35000 79
42891 35000 64
43194 35250 62
// GAP: GAP - 35500 60
43485 35500 76
// GAP: GAP - 35750 59
43516 36000 60
43770 36500 59
44078 36000 69
// GAP: 44103 60 - GAP
44388 36250 57
44678 36500 74
// GAP: 44687 59 - GAP
44978 36750 60
45309 37000 78
45318 37000 62
45638 37250 76
45647 37250 60
45927 37500 74
45938 37500 59
46232 37750 72
46236 37750 57
46620 38000 79
46629 38000 55
46633 38000 71
47024 38250 77
47398 38500 43
47402 38500 76
47728 38750 74
48048 39000 72
48050 39000 45
48361 39250 74
48648 39500 62
48656 39500 72
48659 39500 47
48974 39750 71
49298 40000 64
49300 40000 69
49309 40000 48
49632 40250 72
49915 40500 66
49918 40500 71
50218 40750 69
50226 40750 50
50372 40875 48
// GAP: GAP - 41000 67
50515 41000 67
50532 41000 47
51157 41500 52
51472 41750 69
51610 41875 67
51760 42000 66
51768 42000 45
52088 42250 72
// GAP: GAP - 42500 71
52399 42500 71
52406 42500 50
52714 42750 69
53025 43000 68
53031 43000 64
53325 43250 52
53614 43500 76
53615 43500 69
53632 43500 50
53936 43750 48
54260 44000 74
54274 44000 47
54564 44250 71
// GAP: GAP - 44500 52
54902 44500 72
54923 44500 52
54923 44500 69
55231 44750 71
55243 44750 68
55543 45000 54
55548 45000 66
55552 45000 69
55843 45250 68
56166 45500 69
56168 45500 56
56173 45500 65
56177 45500 50
56493 45750 71
56798 46000 72
56807 46000 57
56818 46000 64
56821 46000 48
57144 46250 66
57408 46500 68
57412 46500 53
57436 46500 62
57703 46750 59
57707 46750 69
57828 46875 57
57988 47000 71
58002 47000 56
58293 47250 64
58608 47500 69
58623 47500 60
58629 47500 52
58629 47500 66
58928 47750 71
58941 47750 68
59243 48000 54
59244 48000 72
59262 48000 69
59569 48250 68
59888 48500 77
59891 48500 59
59899 48500 50
59933 48500 69
60218 48750 71
// GAP: GAP - 49000 68
60512 49000 76
60528 49500 68
60807 49250 60
60814 49250 66
61118 49500 59
61118 49500 74
61124 49500 52
// GAP: 61138 68 - GAP
61408 49750 69
61418 49750 57
61747 50000 71
// GAP: GAP - 50000 74
61753 50000 56
61772 50000 53
// GAP: 62402 72 - GAP
62413 50500 57
62430 50500 52
62742 50750 71
62748 50750 50
63138 50500 72
63144 51000 52
// GAP: GAP - 51000 71
63370 51000 71
63468 51123 72
63561 51250 71
63647 51125 72
63733 51248 71
// GAP: 63804 72 - GAP
63886 51500 56
// GAP: 63886 71 - GAP
64275 51750 69
64774 52000 69
64775 52000 57
64779 52000 45
65742 52500 60
66416 53000 62
67073 53500 55
67082 53500 64
67733 54000 57
67735 54000 65
68379 54500 59
68718 54750 67
68846 54875 65
69019 55000 64
69028 55000 60
69654 55500 69
69960 55750 62
70097 55875 60
70257 56000 59
70268 56000 62
70943 56500 67
70944 56500 43
70948 56500 64
71587 57000 57
71590 57000 45
71904 57250 69
72217 57500 67
72221 57500 62
72222 57500 47
72518 57750 65
72872 58000 48
72886 58000 64
73519 58500 67
73527 58500 55
73532 58500 64
73838 58750 50
73968 58875 48
74111 59000 69
74124 59000 47
74127 59000 66
74128 59000 62
74726 59500 71
74732 59500 52
74752 59500 67
75390 60000 45
75392 60000 72
75407 60000 60
76059 60500 50
76059 60500 66
76068 60500 57
76358 60750 74
76492 60875 72
76614 61000 68
76623 61000 71
76631 61000 64
76911 61250 52
// GAP: GAP - 61500 69
77212 61500 72
// GAP: GAP - 63000 45
77221 62000 69
77228 61500 50
77513 61750 48
77835 62000 74
77842 62000 62
77852 62000 47
78501 62500 76
78502 62500 67
78523 62500 46
// GAP: GAP - 63000 69
79142 63000 77
// GAP: 79144 69 - GAP
79162 64000 45
79783 63500 71
// GAP: 79805 43 - GAP
80117 63750 79
80254 63875 77
// GAP: GAP - 63500 43
80411 64000 76
80418 64000 72
// GAP: 80437 45 - GAP
81043 64500 81
81048 64500 57
81064 64500 54
81376 64750 74
81497 64875 72
81670 65000 74
81675 65000 59
81675 65000 71
81689 65000 55
82367 65500 79
82368 65500 61
82386 65500 52
82388 65500 76
83202 66000 62
83212 66000 50
83212 66000 69
83680 66250 81
84052 66500 79
84055 66500 74
84347 66750 77
84352 66750 64
84485 66875 62
84649 67000 76
84652 67000 60
84656 67000 52
84962 67250 76
85287 67500 81
85292 67500 65
85295 67500 53
85298 67500 74
85598 67750 72
85934 68000 74
85937 68000 71
85941 68000 55
85941 68000 59
86631 68500 82
86645 68500 79
86650 68500 64
87023 68750 57
87148 68875 55
87298 69000 81
87304 69000 53
87307 69000 73
87626 69250 65
87922 69500 58
87922 69500 79
87927 69500 64
87944 69500 74
88240 69750 62
88240 69750 77
88531 70000 52
88537 70000 79
88538 70000 61
88548 70000 76
88846 70250 77
89157 70500 79
89161 70500 57
89168 70500 73
89486 70750 76
89757 71000 77
89777 71000 74
90048 71250 79
90072 71250 58
90346 71500 57
90367 71581 81
90428 71500 76
// GAP: GAP - 71500 79
90474 71500 79
90548 71625 81
// GAP: GAP - 71665 79
90638 71688 79
90665 71750 55
90731 71750 77
90828 71875 79
// GAP: GAP - 72000 53
90955 72000 81
90968 72000 69
90983 72500 53
91258 72250 73
91262 72250 52
91601 72500 57
91603 72500 74
// GAP: 91623 53 - GAP
91925 72750 50
91937 72750 79
// GAP: 92288 77 - GAP
92298 73000 59
92304 73000 55
92575 73000 76
92700 73123 77
92793 73000 76
92877 73125 77
92951 73248 76
// GAP: 93018 77 - GAP
93092 73250 76
93094 73500 64
93099 73500 57
93108 73500 61
93567 73750 74
94136 74000 66
94138 74000 74
94141 74000 62
94144 74000 50
94978 74500 67
95318 74750 64
95428 74875 62
95587 75000 60
95588 75000 69
96244 75500 66
96558 75750 71
96679 75875 69
96821 76000 67
96822 76000 59
97147 76250 52
97430 76500 72
97432 76500 64
97436 76500 50
97728 76750 48
98027 77000 66
98057 77000 47
98349 77250 45
98407 77250 66
98636 77500 64
98640 77500 71
98666 77500 43
98932 77750 62
98934 77750 42
99256 78000 40
99258 78000 60
99548 78250 72
99874 78500 52
99882 78500 71
100196 78750 69
100511 79000 67
// GAP: 100513 60 - GAP
100518 79000 54
100826 79250 66
101159 79500 67
101168 79500 55
101193 79500 64
101494 79750 62
// GAP: GAP - 80000 60
101763 80000 69
101792 80000 64
102057 80250 62
102360 80500 71
102364 80500 60
102372 80500 57
102654 80750 55
102654 80750 59
102965 81000 72
102981 81000 54
// GAP: GAP - 81250 55
102986 81000 62
102989 81000 57
// GAP: 103263 52 - GAP
103550 81500 50
103554 81500 57
103849 81750 74
103865 81750 54
104003 81875 72
// GAP: GAP - 82000 55
104159 82000 71
104171 82000 55
104460 82250 69
104765 82500 59
104770 82500 76
104782 82500 67
105075 82750 65
105370 83000 69
105374 83000 60
105374 83000 64
105675 83250 67
105980 83500 74
106004 83500 62
106015 83500 65
106302 83750 69
106626 84000 64
106638 84000 67
106974 84250 76
107283 84500 74
107543 84750 65
107550 84750 72
107684 84875 64
107838 85000 62
107839 85000 71
108156 85250 72
108168 85250 69
108476 85500 67
108483 85500 74
108488 85500 70
108787 85750 76
109113 86000 60
109120 86000 77
109123 86000 57
109127 86000 72
109434 86250 79
109768 86500 65
109772 86500 81
110105 86750 79
110418 87000 59
110421 87000 77
110438 87000 74
110753 87250 67
110753 87250 76
111062 87500 60
111063 87500 65
// GAP: GAP - 87500 67
111063 87500 74
111349 87750 64
111355 87750 72
111673 88000 53
111679 88000 67
111687 88000 71
111694 88000 62
// GAP: 111907 72 - GAP
112001 88250 57
// GAP: 112052 71 - GAP
// GAP: 112141 72 - GAP
// GAP: 112244 71 - GAP
112293 88500 55
// GAP: 112325 72 - GAP
// GAP: 112448 71 - GAP
// GAP: 112543 72 - GAP
112585 88750 53
// GAP: 112712 71 - GAP
112897 89000 52
112902 89000 72
112921 89000 64
113270 89250 50
// GAP: GAP - 89500 48
113576 89500 65
113582 89500 74
113588 89500 62
113597 90000 48
// GAP: GAP - 90000 65
113904 89750 47
114231 90000 67
// GAP: 114252 48 - GAP
114562 90250 50
// GAP: GAP - 90500 55
114912 90500 64
114912 90500 72
114932 90500 52
114936 91000 55
115291 90750 53
115745 91000 55
115754 91000 62
116620 91500 43
116624 91500 71
// GAP: GAP - 92000 48
117564 92000 72
117576 92500 48
117576 92000 64
118629 92500 69
// GAP: 118631 48 - GAP
119355 93000 50
119372 93000 71
120046 93500 52
120062 93500 70
120068 93500 67
120745 94000 53
120760 94000 69
121471 94500 65
121478 94500 74
121798 94750 55
121958 94875 53
122110 95000 67
122136 95000 52
122758 95500 69
122763 95500 72
122779 95500 57
123464 96000 74
123467 96000 70
123478 96000 50
124168 96500 55
124171 96500 76
124498 96750 72
124644 96875 70
124795 97000 77
124802 97000 69
125113 97250 57
125412 97500 74
125432 97500 55
125735 97750 53
// GAP: GAP - 98000 52
126040 98000 67
126059 98500 52
126368 98250 81
126388 98250 50
126712 98500 79
126715 98500 72
// GAP: 126724 52 - GAP
127064 98750 77
127078 98750 53
127420 99000 76
127421 99000 55
127749 99250 74
127749 99250 77
127772 99250 57
128094 99500 76
128105 99500 58
128111 99500 72
128457 99750 55
128457 99750 74
128464 99750 70
128882 100000 72
// GAP: 128888 48 - GAP
128891 100000 57
128895 100000 69
129363 100250 70
129369 100250 52
129758 100500 69
129761 100500 53
130124 100750 67
130129 100750 55
130458 101000 65
130462 101000 57
130825 101250 59
130830 101250 67
131222 101500 60
131226 101500 65
131657 101750 57
131678 101750 64
132228 102000 62
132231 102000 59
132858 102250 67
133078 102375 69
133275 102500 71
133658 102750 72
134038 103000 74
134415 103250 76
134813 103500 77
135249 103750 67
135790 104000 69
135798 104000 60
// GAP: 135816 48 - GAP
136132 104125 72
136382 104250 74
136611 104375 76
136869 104500 77
137305 104750 79
137758 105000 81
138282 105250 77
138870 105500 74
139550 105750 83
// GAP: GAP - 106000 79
140608 106000 84
140627 106000 76
