242 60
837 62
1448 64
2106 65
3128 67
3269 65
3404 64
4031 69
4666 62
5330 67
6391 69
6675 67
6957 65
7239 64
7511 65
7781 67
7811 64
8110 62
8367 69
8395 60
8657 62
8932 71
8946 60
9232 59
9545 72
9575 57
10168 66
10481 74
10628 72
10777 71
10791 67
11369 76
11993 69
12606 74
12635 66
12923 64
13244 66
13525 76
13837 62
13839 74
14126 72
14453 71
14472 67
14757 67
15069 55
15090 69
15103 65
15369 71
15675 57
15679 72
15710 64
15971 71
16284 72
16288 59
16312 62
16584 74
16895 60
16899 76
17200 74
17490 76
17758 78
17775 62
17908 60
18063 79
18068 59
18679 71
18689 64
18705 67
19300 72
19312 57
19923 62
19925 69
19936 65
20261 64
20534 74
20546 65
20838 72
20844 64
21120 71
21161 62
21420 69
21432 60
21752 59
21752 67
22088 65
22391 48
22395 60
22420 64
22707 67
23028 50
23038 65
23069 62
23348 64
23656 58
23657 52
23670 65
23980 67
24293 53
24295 57
24296 69
24338 60
24606 67
24900 69
24918 65
24923 62
25198 55
25208 71
25337 53
25497 52
25497 55
25503 72
25814 67
26127 57
26136 60
26138 65
26455 64
26743 50
26751 65
27067 57
27351 62
27353 59
27360 55
27652 60
27936 71
27953 62
27953 67
28048 67
28263 57
28555 55
28837 53
29147 52
29148 55
29453 53
29751 72
29770 52
30053 50
30348 74
30358 48
30643 50
30943 76
30948 55
30952 48
31260 47
31557 77
31559 57
31568 45
32171 59
32193 50
32482 79
32624 77
32788 76
32798 60
32811 57
33423 54
33423 81
33717 62
33848 60
34022 59
34025 74
34037 55
34337 57
34624 64
34626 79
34640 58
34948 55
35248 57
35254 49
35573 81
35882 62
35888 79
35893 50
36201 77
36531 76
36532 57
36834 64
37145 81
37158 62
37459 60
37814 52
37823 59
38193 83
38552 64
38554 81
38898 79
39230 77
39260 57
39534 59
39832 67
39858 60
40152 62
40434 69
40439 62
40455 60
40732 59
41036 71
41058 57
41332 55
41649 76
41652 72
41684 60
41995 59
42287 60
42571 78
42573 74
42588 57
42708 72
42876 71
42878 79
42891 64
43194 62
43485 76
43516 60
43770 59
44078 69
44103 60
44388 57
44678 74
44687 59
44978 60
45309 78
45318 62
45638 76
45647 60
45927 74
45938 59
46232 72
46236 57
46620 79
46629 55
46633 71
47024 77
47398 43
47402 76
47728 74
48048 72
48050 45
48361 74
48648 62
48656 72
48659 47
48974 71
49298 64
49300 69
49309 48
49632 72
49915 66
49918 71
50218 69
50226 50
50372 48
50515 67
50532 47
51157 52
51472 69
51610 67
51760 66
51768 45
52088 72
52399 71
52406 50
52714 69
53025 68
53031 64
53325 52
53614 76
53615 69
53632 50
53936 48
54260 74
54274 47
54564 71
54902 72
54923 52
54923 69
55231 71
55243 68
55543 54
55548 66
55552 69
55843 68
56166 69
56168 56
56173 65
56177 50
56493 71
56798 72
56807 57
56818 64
56821 48
57144 66
57408 68
57412 53
57436 62
57703 59
57707 69
57828 57
57988 71
58002 56
58293 64
58608 69
58623 60
58629 52
58629 66
58928 71
58941 68
59243 54
59244 72
59262 69
59569 68
59888 77
59891 59
59899 50
59933 69
60218 71
60512 76
60528 68
60807 60
60814 66
61118 59
61118 74
61124 52
61138 68
61408 69
61418 57
61747 71
61753 56
61772 53
62402 72
62413 57
62430 52
62742 71
62748 50
63138 72
63144 52
63370 71
63468 72
63561 71
63647 72
63733 71
63804 72
63886 56
63886 71
64275 69
64774 69
64775 57
64779 45
65742 60
66416 62
67073 55
67082 64
67733 57
67735 65
68379 59
68718 67
68846 65
69019 64
69028 60
69654 69
69960 62
70097 60
70257 59
70268 62
70943 67
70944 43
70948 64
71587 57
71590 45
71904 69
72217 67
72221 62
72222 47
72518 65
72872 48
72886 64
73519 67
73527 55
73532 64
73838 50
73968 48
74111 69
74124 47
74127 66
74128 62
74726 71
74732 52
74752 67
75390 45
75392 72
75407 60
76059 50
76059 66
76068 57
76358 74
76492 72
76614 68
76623 71
76631 64
76911 52
77212 72
77221 69
77228 50
77513 48
77835 74
77842 62
77852 47
78501 76
78502 67
78523 46
79142 77
79144 69
79162 45
79783 71
79805 43
80117 79
80254 77
80411 76
80418 72
80437 45
81043 81
81048 57
81064 54
81376 74
81497 72
81670 74
81675 59
81675 71
81689 55
82367 79
82368 61
82386 52
82388 76
83202 62
83212 50
83212 69
83680 81
84052 79
84055 74
84347 77
84352 64
84485 62
84649 76
84652 60
84656 52
84962 76
85287 81
85292 65
85295 53
85298 74
85598 72
85934 74
85937 71
85941 55
85941 59
86631 82
86645 79
86650 64
87023 57
87148 55
87298 81
87304 53
87307 73
87626 65
87922 58
87922 79
87927 64
87944 74
88240 62
88240 77
88531 52
88537 79
88538 61
88548 76
88846 77
89157 79
89161 57
89168 73
89486 76
89757 77
89777 74
90048 79
90072 58
90346 57
90367 81
90428 76
90474 79
90548 81
90638 79
90665 55
90731 77
90828 79
90955 81
90968 69
90983 53
91258 73
91262 52
91601 57
91603 74
91623 53
91925 50
91937 79
92288 77
92298 59
92304 55
92575 76
92700 77
92793 76
92877 77
92951 76
93018 77
93092 76
93094 64
93099 57
93108 61
93567 74
94136 66
94138 74
94141 62
94144 50
94978 67
95318 64
95428 62
95587 60
95588 69
96244 66
96558 71
96679 69
96821 67
96822 59
97147 52
97430 72
97432 64
97436 50
97728 48
98027 66
98057 47
98349 45
98407 66
98636 64
98640 71
98666 43
98932 62
98934 42
99256 40
99258 60
99548 72
99874 52
99882 71
100196 69
100511 67
100513 60
100518 54
100826 66
101159 67
101168 55
101193 64
101494 62
101763 69
101792 64
102057 62
102360 71
102364 60
102372 57
102654 55
102654 59
102965 72
102981 54
102986 62
102989 57
103263 52
103550 50
103554 57
103849 74
103865 54
104003 72
104159 71
104171 55
104460 69
104765 59
104770 76
104782 67
105075 65
105370 69
105374 60
105374 64
105675 67
105980 74
106004 62
106015 65
106302 69
106626 64
106638 67
106974 76
107283 74
107543 65
107550 72
107684 64
107838 62
107839 71
108156 72
108168 69
108476 67
108483 74
108488 70
108787 76
109113 60
109120 77
109123 57
109127 72
109434 79
109768 65
109772 81
110105 79
110418 59
110421 77
110438 74
110753 67
110753 76
111062 60
111063 65
111063 74
111349 64
111355 72
111673 53
111679 67
111687 71
111694 62
111907 72
112001 57
112052 71
112141 72
112244 71
112293 55
112325 72
112448 71
112543 72
112585 53
112712 71
112897 52
112902 72
112921 64
113270 50
113576 65
113582 74
113588 62
113597 48
113904 47
114231 67
114252 48
114562 50
114912 64
114912 72
114932 52
114936 55
115291 53
115745 55
115754 62
116620 43
116624 71
117564 72
117576 48
117576 64
118629 69
118631 48
119355 50
119372 71
120046 52
120062 70
120068 67
120745 53
120760 69
121471 65
121478 74
121798 55
121958 53
122110 67
122136 52
122758 69
122763 72
122779 57
123464 74
123467 70
123478 50
124168 55
124171 76
124498 72
124644 70
124795 77
124802 69
125113 57
125412 74
125432 55
125735 53
126040 67
126059 52
126368 81
126388 50
126712 79
126715 72
126724 52
127064 77
127078 53
127420 76
127421 55
127749 74
127749 77
127772 57
128094 76
128105 58
128111 72
128457 55
128457 74
128464 70
128882 72
128888 48
128891 57
128895 69
129363 70
129369 52
129758 69
129761 53
130124 67
130129 55
130458 65
130462 57
130825 59
130830 67
131222 60
131226 65
131657 57
131678 64
132228 62
132231 59
132858 67
133078 69
133275 71
133658 72
134038 74
134415 76
134813 77
135249 67
135790 69
135798 60
135816 48
136132 72
136382 74
136611 76
136869 77
137305 79
137758 81
138282 77
138870 74
139550 83
140608 84
140627 76
